Optimal Camera matrix:
[[796.76885986   0.         536.0066336 ]
 [  0.         776.87390137 397.30640541]
 [  0.           0.           1.        ]]

 Distortion coefficient:
[[ 0.02792918 -0.13975942  0.00806715 -0.0096761   0.07056573]]

 Rotation Vectors:
[array([[-0.13516359],
       [ 0.06627518],
       [-1.5558049 ]]), array([[-0.16749557],
       [ 0.01273805],
       [-1.55119089]]), array([[ 0.03799919],
       [-0.09148974],
       [ 1.52094273]]), array([[-0.07874503],
       [-0.14325901],
       [-1.52772916]]), array([[-0.20161351],
       [ 1.33329329],
       [ 1.72231477]]), array([[ 0.01761075],
       [ 0.04135669],
       [-1.59619968]]), array([[-0.15751472],
       [ 0.15243359],
       [-1.54092164]]), array([[ 0.23264126],
       [-0.29959138],
       [ 1.52018948]]), array([[-0.07361192],
       [ 0.05261849],
       [-1.54850496]]), array([[-0.04292912],
       [ 0.03124906],
       [-1.56201965]]), array([[0.20445647],
       [0.16276116],
       [1.51654919]]), array([[-0.34545499],
       [-0.67117274],
       [ 1.21574331]]), array([[-0.05352631],
       [-0.02979641],
       [ 1.56738575]]), array([[0.03354662],
       [0.13861153],
       [1.55183558]]), array([[-0.35601408],
       [ 0.6904064 ],
       [ 1.48012068]]), array([[ 0.08998816],
       [-0.08261548],
       [ 1.52059567]]), array([[0.24088806],
       [0.36748915],
       [1.55219475]]), array([[-0.31663264],
       [-0.66705888],
       [ 1.21273051]]), array([[0.36755419],
       [0.54957598],
       [1.50137446]]), array([[0.03016144],
       [0.19059798],
       [1.60836003]]), array([[-0.0939929 ],
       [ 0.04749683],
       [-1.53929224]]), array([[0.03787548],
       [0.07068719],
       [1.57893605]]), array([[ 0.28357725],
       [-0.34392726],
       [ 1.51045782]]), array([[-0.13991424],
       [ 1.33267203],
       [ 1.74177733]]), array([[-0.45986021],
       [-0.41921387],
       [-1.51819018]]), array([[-0.43053446],
       [-0.37534322],
       [-1.52218868]]), array([[-0.3027525 ],
       [-0.33092969],
       [ 1.5357923 ]]), array([[0.23760112],
       [0.38576652],
       [1.5494546 ]]), array([[0.40701904],
       [0.5515401 ],
       [1.50448285]]), array([[ 0.2884892 ],
       [-0.30377946],
       [ 1.54441934]]), array([[-0.3086313 ],
       [-0.3283631 ],
       [ 1.53873836]]), array([[ 0.26480032],
       [-0.30396475],
       [ 1.5433424 ]]), array([[-0.31966191],
       [ 0.69491617],
       [ 1.49207341]])]

 Translation Vectors:
[array([[-2.09762393],
       [ 5.86210171],
       [20.9642838 ]]), array([[-1.75933247],
       [ 5.70434239],
       [19.69086182]]), array([[ 9.86314235],
       [-5.67107986],
       [17.83830304]]), array([[ 9.8624116 ],
       [ 6.65470602],
       [21.85119187]]), array([[ 8.55646042],
       [-1.39867216],
       [15.92664021]]), array([[11.1079665 ],
       [-4.1160872 ],
       [23.68722089]]), array([[ 4.03428631],
       [ 2.23195162],
       [22.02064545]]), array([[10.17230183],
       [-5.50138477],
       [16.38481927]]), array([[ 4.45815888],
       [-2.58576808],
       [20.29343091]]), array([[-2.26981474],
       [ 1.24424745],
       [18.71054165]]), array([[10.26609134],
       [ 1.70434273],
       [20.3095032 ]]), array([[-0.49585829],
       [-5.11309552],
       [18.82323416]]), array([[17.46892201],
       [-3.13627458],
       [23.65692894]]), array([[11.11677185],
       [ 1.61751947],
       [19.89934878]]), array([[ 2.63934464],
       [-3.03812958],
       [18.72389092]]), array([[ 9.59224533],
       [-5.56114167],
       [18.73385132]]), array([[-0.66021443],
       [-0.65696233],
       [18.6538359 ]]), array([[ 0.11584008],
       [-5.31528912],
       [17.45127874]]), array([[ 2.54519816],
       [-4.54312934],
       [14.70938152]]), array([[ 5.08968904],
       [-7.85469097],
       [18.98355562]]), array([[ 4.4907683 ],
       [ 1.98621165],
       [20.38523879]]), array([[ 4.39492728],
       [-3.52022995],
       [19.37956571]]), array([[ 9.80481224],
       [-5.31037244],
       [16.98359228]]), array([[ 9.13644852],
       [-1.60361684],
       [15.32771154]]), array([[ 2.86344942],
       [ 1.39238491],
       [18.29834997]]), array([[ 3.29563146],
       [ 1.41411387],
       [17.53605464]]), array([[ 4.32987969],
       [-4.55828454],
       [17.8853072 ]]), array([[-0.29333532],
       [-0.7961033 ],
       [17.39384856]]), array([[ 2.91920291],
       [-4.6618067 ],
       [13.73301002]]), array([[ 5.24609027],
       [-0.72182692],
       [15.47547888]]), array([[ 3.90282981],
       [-4.42878102],
       [19.01224923]]), array([[ 5.23953859],
       [-4.32409035],
       [15.66650884]]), array([[ 3.12837755],
       [-3.21243991],
       [17.53083284]])]

