-0.415
-0.405
-0.39
-0.4
-0.37
-0.34
-0.345
-0.35
-0.34
-0.32
-0.29
-0.275
-0.27
-0.26
-0.245
-0.255
-0.25
-0.245
-0.24
-0.25
-0.245
-0.24
-0.215
-0.225
-0.215
-0.225
-0.21
-0.23
-0.23
-0.25
-0.27
-0.275
-0.265
-0.27
-0.27
-0.27
-0.26
-0.255
-0.25
-0.24
-0.255
-0.275
-0.275
-0.26
-0.225
-0.22
-0.215
-0.24
-0.265
-0.27
-0.245
-0.255
-0.25
-0.255
-0.26
-0.27
-0.255
-0.265
-0.285
-0.275
-0.28
-0.26
-0.26
-0.28
-0.265
-0.27
-0.27
-0.26
-0.28
-0.26
-0.255
-0.265
-0.27
-0.27
-0.26
-0.29
-0.3
-0.27
-0.185
-0.115
0
0.14
0.255
0.365
0.395
0.32
0.14
-0.035
-0.15
-0.225
-0.245
-0.255
-0.275
-0.305
-0.29
-0.315
-0.295
-0.32
-0.32
-0.33
-0.335
-0.335
-0.33
-0.32
-0.335
-0.325
-0.355
-0.36
-0.36
-0.38
-0.38
-0.395
-0.4
-0.39
-0.405
-0.44
-0.415
-0.435
-0.445
-0.46
-0.45
-0.455
-0.46
-0.465
-0.455
-0.45
-0.46
-0.45
-0.415
-0.415
-0.39
-0.395
-0.355
-0.33
-0.33
-0.33
-0.325
-0.295
-0.29
-0.3
-0.295
-0.28
-0.28
-0.265
-0.29
-0.28
-0.29
-0.28
-0.29
-0.28
-0.29
-0.29
-0.285
-0.31
-0.305
-0.33
-0.32
-0.315
-0.32
-0.32
-0.34
-0.32
-0.31
-0.3
-0.305
-0.31
-0.295
-0.29
-0.285
-0.29
-0.26
-0.295
-0.3
-0.315
-0.32
-0.31
-0.315
-0.33
-0.335
-0.32
-0.32
-0.315
-0.315
-0.3
-0.315
-0.3
-0.3
-0.305
-0.32
-0.305
-0.305
-0.32
-0.315
-0.33
-0.315
-0.32
-0.315
-0.305
-0.29
-0.285
-0.32
-0.33
-0.31
-0.24
-0.1
0.065
0.26
0.425
0.53
0.565
0.46
0.275
0.075
-0.05
-0.145
-0.225
-0.275
-0.3
-0.32
-0.33
-0.33
-0.34
-0.345
-0.35
-0.36
-0.375
-0.37
-0.38
-0.4
-0.395
-0.405
-0.42
-0.425
-0.415
-0.42
-0.43
-0.45
-0.445
-0.45
-0.46
-0.49
-0.46
-0.485
-0.485
-0.495
-0.515
-0.51
-0.515
-0.505
-0.52
-0.495
-0.49
-0.495
-0.475
-0.465
-0.445
-0.425
-0.4
-0.375
-0.335
-0.365
-0.33
-0.315
-0.315
-0.31
-0.295
-0.285
-0.3
-0.28
-0.27
-0.28
-0.265
-0.26
-0.285
-0.29
-0.3
-0.28
-0.29
-0.31
-0.34
-0.345
-0.345
-0.335
-0.345
-0.34
-0.36
-0.33
-0.305
-0.285
-0.255
-0.255
-0.27
-0.28
-0.245
-0.225
-0.22
-0.235
-0.27
-0.28
-0.305
-0.285
-0.3
-0.31
-0.3
-0.31
-0.3
-0.295
-0.29
-0.285
-0.305
-0.295
-0.31
-0.27
-0.285
-0.265
-0.28
-0.29
-0.26
-0.26
-0.26
-0.26
-0.27
-0.265
-0.27
-0.245
-0.25
-0.24
-0.185
-0.085
0.045
0.225
0.42
0.575
0.635
0.585
0.435
0.22
0.015
-0.1
-0.2
-0.23
-0.27
-0.265
-0.285
-0.3
-0.3
-0.32
-0.315
-0.335
-0.35
-0.345
-0.37
-0.365
-0.395
-0.385
-0.395
-0.405
-0.42
-0.4
-0.405
-0.425
-0.43
-0.44
-0.445
-0.465
-0.46
-0.445
-0.435
-0.46
-0.46
-0.46
-0.465
-0.47
-0.47
-0.455
-0.46
-0.455
-0.44
-0.415
-0.43
-0.415
-0.4
-0.38
-0.35
-0.33
-0.305
-0.315
-0.27
-0.28
-0.26
-0.27
-0.26
-0.255
-0.24
-0.245
-0.24
-0.235
-0.225
-0.235
-0.25
-0.245
-0.24
-0.24
-0.245
-0.27
-0.28
-0.295
-0.285
-0.285
-0.27
-0.305
-0.285
-0.265
-0.255
-0.245
-0.24
-0.275
-0.24
-0.25
-0.245
-0.22
-0.22
-0.25
-0.27
-0.28
-0.27
-0.28
-0.295
-0.265
-0.28
-0.29
-0.285
-0.29
-0.3
-0.28
-0.275
-0.3
-0.305
-0.295
-0.29
-0.275
-0.29
-0.305
-0.3
-0.285
-0.27
-0.24
-0.265
-0.25
-0.245
-0.215
-0.21
-0.145
-0.045
0.11
0.285
0.5
0.675
0.755
0.74
0.575
0.305
0.1
-0.055
-0.16
-0.24
-0.26
-0.295
-0.295
-0.315
-0.32
-0.325
-0.35
-0.34
-0.35
-0.36
-0.355
-0.365
-0.375
-0.385
-0.375
-0.395
-0.415
-0.43
-0.42
-0.43
-0.445
-0.445
-0.455
-0.47
-0.475
-0.5
-0.5
-0.495
-0.5
-0.52
-0.52
-0.525
-0.52
-0.52
-0.495
-0.485
-0.47
-0.47
-0.45
-0.445
-0.4
-0.4
-0.38
-0.36
-0.345
-0.32
-0.3
-0.3
-0.305
-0.295
-0.275
-0.27
-0.29
-0.28
-0.265
-0.265
-0.26
-0.26
-0.29
-0.26
-0.265
-0.245
-0.265
-0.29
-0.285
-0.315
-0.295
-0.3
-0.305
-0.29
-0.3
-0.295
-0.27
-0.26
-0.265
-0.22
-0.255
-0.25
-0.235
-0.245
-0.23
-0.25
-0.265
-0.285
-0.285
-0.265
-0.27
-0.26
-0.26
-0.265
-0.265
-0.255
-0.26
-0.26
-0.26
-0.265
-0.275
-0.27
-0.285
-0.275
-0.27
-0.27
-0.255
-0.26
-0.245
-0.26
-0.255
-0.27
-0.23
-0.22
-0.19
-0.125
0.005
0.155
0.345
0.565
0.715
0.79
0.735
0.555
0.29
0.05
-0.095
-0.19
-0.235
-0.265
-0.305
-0.31
-0.335
-0.34
-0.33
-0.355
-0.345
-0.36
-0.38
-0.375
-0.385
-0.4
-0.395
-0.39
-0.385
-0.395
-0.4
-0.415
-0.42
-0.435
-0.445
-0.45
-0.475
-0.49
-0.485
-0.5
-0.49
-0.51
-0.52
-0.525
-0.525
-0.51
-0.505
-0.51
-0.475
-0.47
-0.47
-0.435
-0.42
-0.395
-0.385
-0.375
-0.34
-0.35
-0.305
-0.295
-0.295
-0.285
-0.285
-0.29
-0.29
-0.28
-0.28
-0.295
-0.295
-0.285
-0.28
-0.305
-0.295
-0.285
-0.31
-0.315
-0.32
-0.33
-0.34
-0.305
-0.305
-0.32
-0.315
-0.315
-0.3
-0.285
-0.285
-0.28
-0.31
-0.315
-0.29
-0.29
-0.295
-0.315
-0.33
-0.335
-0.34
-0.35
-0.35
-0.375
-0.37
-0.365
-0.37
-0.365
-0.355
-0.36
-0.365
-0.345
-0.35
-0.365
-0.355
-0.345
-0.34
-0.355
-0.335
-0.34
-0.35
-0.36
-0.365
-0.36
-0.36
-0.36
-0.365
-0.32
-0.225
-0.095
0.035
0.135
0.265
0.325
0.295
0.18
0.01
-0.135
-0.25
-0.315
-0.365
-0.365
-0.385
-0.38
-0.38
-0.38
-0.395
-0.4
-0.42
-0.445
-0.41
-0.42
-0.44
-0.435
-0.45
-0.46
-0.46
-0.46
-0.465
-0.47
-0.475
-0.465
-0.465
-0.48
-0.485
-0.51
-0.54
-0.5
-0.515
-0.53
-0.535
-0.52
-0.53
-0.53
-0.54
-0.54
-0.515
-0.515
-0.485
-0.49
-0.49
-0.44
-0.425
-0.425
-0.41
-0.385
-0.375
-0.36
-0.34
-0.335
-0.355
-0.35
-0.335
-0.33
-0.335
-0.345
-0.345
-0.335
-0.335
-0.335
-0.35
-0.35
-0.36
-0.38
-0.385
-0.395
-0.405
-0.39
-0.39
-0.4
-0.375
-0.36
-0.355
-0.365
-0.345
-0.33
-0.31
-0.32
-0.305
-0.31
-0.3
-0.325
-0.345
-0.34
-0.34
-0.345
-0.37
-0.35
-0.345
-0.35
-0.35
-0.36
-0.36
-0.35
-0.365
-0.335
-0.345
-0.325
-0.345
-0.335
-0.33
-0.32
-0.315
-0.315
-0.315
-0.285
-0.305
-0.3
-0.305
-0.315
-0.245
-0.165
-0.01
0.195
0.375
0.52
0.595
0.57
0.405
0.19
-0.035
-0.155
-0.245
-0.3
-0.32
-0.33
-0.36
-0.35
-0.34
-0.35
-0.37
-0.38
-0.36
-0.38
-0.395
-0.405
-0.415
-0.41
-0.41
-0.43
-0.44
-0.455
-0.44
-0.455
-0.47
-0.455
-0.48
-0.49
-0.505
-0.495
-0.51
-0.525
-0.51
-0.505
-0.505
-0.48
-0.495
-0.49
-0.505
-0.47
-0.47
-0.45
-0.435
-0.42
-0.405
-0.4
-0.395
-0.38
-0.36
-0.35
-0.325
-0.32
-0.315
-0.315
-0.3
-0.31
-0.295
-0.31
-0.3
-0.275
-0.27
-0.28
-0.28
-0.285
-0.285
-0.285
-0.3
-0.32
-0.33
-0.325
-0.335
-0.35
-0.345
-0.335
-0.33
-0.3
-0.31
-0.28
-0.305
-0.305
-0.285
-0.29
-0.275
-0.28
-0.285
-0.305
-0.315
-0.32
-0.31
-0.32
-0.31
-0.32
-0.33
-0.35
-0.345
-0.34
-0.33
-0.33
-0.32
-0.315
-0.32
-0.32
-0.31
-0.33
-0.33
-0.32
-0.32
-0.305
-0.3
-0.305
-0.32
-0.31
-0.295
-0.28
-0.255
-0.155
-0.03
0.14
0.34
0.525
0.645
0.675
0.565
0.345
0.11
-0.06
-0.18
-0.255
-0.305
-0.32
-0.355
-0.35
-0.37
-0.365
-0.385
-0.39
-0.41
-0.415
-0.395
-0.39
-0.395
-0.395
-0.39
-0.42
-0.415
-0.42
-0.445
-0.44
-0.46
-0.47
-0.485
-0.495
-0.495
-0.505
-0.51
-0.525
-0.535
-0.515
-0.555
-0.57
-0.54
-0.53
-0.555
-0.545
-0.53
-0.505
